
Array Size = 50
    84    46    12     7    79    75    76    22     6    48
    91    15    49    15    54    62    89    32    86    53
    24    48    52    39    71    25    18     5    85    42
    53    33    12    79    20    79    79    75    66    74
     4    82    65    68    61     5    80    52    14    14


Array Size = 50
  1038  1068  1062  1060  1003  1019  1073  1018  1089  1017
  1044  1026  1016  1000  1063  1024  1094  1091  1066  1019
  1051  1047  1086  1078  1028  1003  1016  1018  1024  1074
  1094  1048  1044  1028  1044  1043  1073  1033  1010  1049
  1045  1059  1027  1060  1055  1080  1004  1039  1071  1003


Array Size = 50
  2037  2052  2068  2076  2023  2052  2094  2019  2075  2073
  2022  2045  2010  2088  2072  2043  2029  2060  2045  2009
  2073  2063  2003  2016  2000  2027  2007  2030  2067  2045
  2076  2087  2007  2096  2020  2081  2019  2072  2012  2091
  2076  2080  2026  2023  2032  2066  2074  2024  2098  2091


Array Size = 50
  3060  3064  3000  3014  3007  3045  3008  3036  3045  3085
  3043  3028  3040  3055  3013  3024  3099  3022  3078  3074
  3034  3095  3011  3024  3051  3043  3096  3030  3000  3084
  3022  3050  3050  3059  3064  3099  3041  3083  3097  3017
  3002  3019  3000  3000  3005  3010  3031  3094  3050  3061


Array Size = 50
  4005  4026  4030  4034  4065  4042  4035  4095  4053  4004
  4041  4013  4090  4057  4074  4082  4097  4097  4037  4026
  4053  4011  4005  4029  4065  4008  4061  4073  4073  4021
  4077  4059  4076  4061  4093  4029  4037  4059  4077  4049
  4020  4075  4054  4063  4040  4031  4076  4048  4096  4088


Array Size = 50
  5034  5021  5086  5043  5069  5044  5081  5027  5098  5094
  5064  5045  5067  5008  5082  5070  5025  5038  5024  5017
  5010  5099  5086  5029  5038  5027  5014  5047  5027  5065
  5046  5000  5044  5024  5020  5068  5060  5020  5041  5080
  5089  5025  5023  5064  5015  5042  5094  5083  5001  5010


Array Size = 50
  6016  6014  6053  6057  6020  6034  6049  6014  6041  6064
  6021  6052  6011  6051  6061  6033  6074  6004  6008  6037
  6013  6055  6057  6029  6051  6042  6010  6016  6018  6065
  6045  6079  6094  6026  6010  6044  6091  6000  6077  6045
  6013  6091  6076  6084  6015  6011  6027  6039  6030  6061


Array Size = 50
  7075  7068  7079  7058  7019  7047  7092  7032  7003  7080
  7084  7072  7047  7028  7003  7011  7001  7010  7006  7004
  7083  7089  7090  7073  7041  7002  7011  7057  7005  7051
  7020  7094  7099  7036  7020  7021  7005  7033  7099  7090
  7018  7090  7003  7009  7086  7045  7002  7024  7053  7028


Array Size = 50
  8079  8049  8048  8063  8083  8089  8047  8063  8087  8035
  8089  8084  8099  8093  8014  8043  8065  8071  8033  8052
  8069  8076  8082  8076  8048  8038  8021  8052  8001  8089
  8028  8048  8073  8027  8023  8040  8052  8023  8088  8095
  8075  8043  8083  8096  8098  8069  8054  8063  8010  8044


Array Size = 50
  9093  9056  9032  9062  9012  9019  9022  9032  9096  9044
  9067  9088  9036  9063  9099  9008  9099  9081  9079  9093
  9027  9033  9091  9083  9094  9029  9024  9075  9004  9057
  9057  9037  9041  9023  9014  9027  9035  9008  9044  9064
  9083  9052  9044  9064  9047  9078  9049  9064  9070  9083


Array Size = 50
 10072 10017 10087 10039 10035 10057 10056 10019 10096 10094
 10021 10072 10098 10079 10024 10072 10045 10083 10020 10059
 10029 10057 10069 10060 10018 10065 10011 10049 10015 10062
 10039 10091 10054 10021 10005 10045 10004 10035 10076 10098
 10052 10007 10000 10003 10034 10000 10097 10083 10023 10097


Array Size = 50
 11098 11048 11080 11056 11056 11057 11046 11028 11071 11088
 11006 11075 11070 11066 11072 11094 11092 11006 11069 11056
 11029 11082 11085 11018 11069 11057 11067 11072 11022 11065
 11031 11090 11002 11059 11058 11083 11091 11056 11083 11023
 11023 11047 11034 11047 11002 11087 11038 11012 11029 11027


Array Size = 50
 12050 12028 12054 12025 12033 12021 12077 12062 12003 12089
 12099 12018 12051 12074 12035 12071 12059 12085 12038 12075
 12074 12044 12093 12009 12054 12089 12082 12073 12027 12075
 12089 12083 12062 12071 12016 12058 12079 12016 12042 12007
 12097 12003 12046 12085 12053 12046 12051 12060 12044 12067


Array Size = 50
 13043 13048 13028 13094 13024 13044 13078 13098 13004 13049
 13038 13050 13000 13004 13057 13069 13060 13032 13023 13095
 13012 13093 13008 13044 13010 13070 13095 13090 13007 13094
 13054 13044 13041 13084 13083 13048 13018 13015 13053 13038
 13048 13086 13081 13082 13069 13099 13003 13054 13031 13049


Array Size = 50
 14003 14083 14011 14088 14050 14080 14082 14055 14004 14093
 14095 14017 14031 14067 14033 14097 14034 14024 14087 14069
 14090 14055 14062 14048 14020 14088 14094 14047 14044 14034
 14013 14084 14094 14023 14006 14091 14063 14045 14096 14035
 14078 14026 14028 14008 14002 14090 14081 14092 14053 14065


Array Size = 50
 15066 15017 15044 15002 15007 15009 15024 15007 15012 15024
 15030 15046 15063 15016 15008 15004 15044 15056 15066 15075
 15080 15017 15045 15049 15068 15061 15080 15089 15017 15063
 15042 15056 15090 15035 15046 15046 15042 15098 15096 15011
 15004 15023 15012 15075 15008 15008 15072 15017 15057 15044


Array Size = 50
 16057 16084 16063 16068 16062 16036 16067 16076 16002 16002
 16082 16015 16011 16020 16079 16030 16093 16030 16060 16056
 16082 16099 16091 16057 16035 16012 16065 16072 16032 16069
 16018 16079 16045 16016 16073 16027 16026 16067 16067 16008
 16076 16008 16070 16092 16095 16013 16035 16091 16080 16008


Array Size = 50
 17038 17024 17028 17048 17018 17064 17057 17014 17034 17036
 17000 17053 17079 17015 17069 17033 17048 17070 17082 17006
 17074 17031 17024 17063 17099 17080 17021 17046 17070 17070
 17005 17084 17015 17050 17012 17006 17084 17046 17026 17045
 17010 17074 17076 17022 17024 17024 17058 17079 17086 17088


Array Size = 50
 18077 18057 18058 18034 18095 18048 18061 18043 18089 18005
 18096 18055 18028 18001 18026 18072 18087 18047 18099 18049
 18068 18071 18080 18056 18017 18046 18049 18053 18030 18031
 18085 18000 18095 18001 18090 18089 18079 18028 18026 18058
 18066 18030 18052 18068 18052 18088 18089 18069 18043 18013


Array Size = 50
 19028 19076 19034 19078 19020 19062 19063 19022 19010 19097
 19053 19070 19062 19029 19094 19039 19025 19009 19049 19067
 19076 19025 19073 19038 19035 19050 19058 19084 19001 19095
 19070 19043 19088 19066 19035 19043 19088 19051 19019 19072
 19013 19091 19052 19013 19053 19088 19077 19061 19022 19022


Array Size = 50
 20049 20059 20057 20092 20058 20077 20015 20066 20049 20056
 20087 20063 20023 20046 20015 20053 20058 20015 20023 20028
 20057 20089 20064 20062 20021 20081 20062 20016 20097 20056
 20019 20012 20021 20011 20056 20096 20082 20025 20029 20002
 20000 20026 20052 20005 20033 20085 20038 20054 20010 20055


Array Size = 50
 21053 21008 21018 21056 21014 21054 21052 21026 21058 21014
 21049 21076 21062 21005 21034 21063 21002 21040 21064 21061
 21060 21037 21010 21080 21000 21002 21073 21063 21048 21061
 21068 21036 21098 21001 21025 21003 21016 21088 21010 21082
 21000 21033 21007 21010 21008 21096 21061 21056 21013 21060


Array Size = 50
 22059 22066 22093 22010 22014 22014 22055 22012 22002 22077
 22092 22005 22017 22038 22010 22046 22008 22074 22076 22049
 22059 22053 22077 22051 22091 22073 22074 22074 22093 22090
 22028 22001 22093 22036 22004 22060 22090 22078 22075 22090
 22021 22053 22075 22099 22094 22046 22093 22068 22052 22070


Array Size = 50
 23060 23058 23061 23023 23038 23055 23082 23023 23099 23098
 23068 23078 23018 23053 23035 23095 23019 23084 23049 23049
 23067 23051 23028 23076 23027 23091 23097 23021 23099 23007
 23004 23059 23054 23014 23032 23039 23027 23033 23004 23010
 23059 23091 23043 23053 23093 23096 23044 23034 23041 23011


Array Size = 50
 24044 24021 24058 24063 24009 24014 24062 24099 24057 24032
 24087 24060 24001 24076 24058 24094 24032 24016 24018 24024
 24073 24050 24092 24049 24070 24052 24036 24025 24005 24012
 24070 24072 24046 24036 24048 24036 24048 24039 24069 24048
 24036 24042 24002 24043 24056 24094 24043 24049 24001 24011


Array Size = 50
 25026 25053 25034 25013 25094 25077 25064 25003 25027 25056
 25062 25041 25065 25048 25035 25070 25016 25092 25023 25006
 25031 25089 25092 25085 25001 25029 25060 25083 25086 25004
 25049 25081 25002 25004 25001 25040 25039 25093 25056 25073
 25011 25023 25044 25071 25093 25072 25010 25018 25068 25048


Array Size = 50
 26005 26016 26099 26018 26095 26046 26039 26070 26012 26056
 26099 26018 26087 26087 26061 26025 26020 26083 26067 26095
 26045 26067 26017 26045 26001 26005 26005 26069 26038 26060
 26043 26018 26075 26054 26036 26062 26040 26046 26013 26001
 26062 26044 26093 26071 26088 26057 26065 26023 26080 26079


Array Size = 50
 27080 27089 27063 27022 27009 27081 27037 27035 27068 27099
 27090 27023 27058 27022 27069 27022 27062 27040 27032 27027
 27055 27091 27032 27014 27016 27039 27061 27096 27029 27050
 27045 27080 27007 27098 27098 27093 27075 27062 27093 27007
 27036 27077 27053 27018 27049 27030 27042 27018 27073 27094


Array Size = 50
 28020 28013 28068 28040 28074 28041 28019 28064 28040 28025
 28047 28080 28086 28092 28094 28093 28090 28012 28055 28081
 28003 28099 28070 28091 28064 28003 28004 28002 28099 28003
 28052 28001 28008 28065 28023 28000 28034 28015 28001 28065
 28038 28056 28099 28092 28064 28001 28021 28067 28016 28015


Array Size = 50
 29002 29010 29093 29047 29087 29068 29050 29000 29069 29088
 29070 29059 29074 29007 29060 29088 29029 29044 29046 29032
 29042 29043 29062 29082 29009 29005 29080 29021 29090 29035
 29099 29059 29036 29063 29017 29052 29063 29006 29033 29096
 29066 29010 29087 29008 29015 29020 29037 29077 29032 29009


Array Size = 50
 30096 30050 30025 30050 30043 30020 30027 30029 30079 30055
 30034 30065 30023 30031 30029 30052 30078 30020 30028 30089
 30021 30002 30085 30064 30032 30092 30084 30077 30010 30091
 30042 30011 30049 30031 30025 30025 30098 30014 30037 30091
 30041 30018 30016 30006 30095 30030 30003 30065 30063 30068


Array Size = 50
 31056 31053 31053 31041 31061 31098 31051 31049 31016 31089
 31093 31095 31043 31080 31072 31093 31064 31033 31007 31037
 31014 31056 31012 31064 31076 31086 31064 31005 31052 31043
 31009 31059 31019 31016 31023 31017 31001 31025 31078 31080
 31032 31003 31085 31086 31005 31082 31010 31014 31090 31083


Array Size = 50
 32093 32032 32000 32039 32088 32011 32060 32013 32062 32077
 32078 32004 32061 32028 32010 32035 32056 32006 32026 32084
 32076 32057 32000 32087 32001 32053 32053 32081 32050 32009
 32089 32057 32029 32050 32099 32081 32083 32070 32021 32001
 32098 32038 32061 32096 32025 32051 32026 32027 32096 32009


Array Size = 50
 33087 33052 33071 33025 33094 33056 33050 33062 33067 33077
 33053 33095 33039 33004 33087 33082 33070 33066 33055 33033
 33038 33053 33004 33095 33000 33098 33025 33007 33047 33000
 33003 33052 33036 33043 33044 33003 33002 33028 33096 33019
 33076 33082 33073 33044 33020 33072 33014 33061 33083 33081


Array Size = 50
 34054 34071 34031 34097 34094 34021 34086 34066 34097 34027
 34063 34026 34047 34047 34068 34015 34085 34075 34092 34002
 34097 34094 34044 34047 34056 34043 34059 34032 34029 34036
 34062 34025 34045 34069 34040 34033 34021 34026 34065 34026
 34034 34084 34059 34045 34065 34009 34098 34067 34092 34059


Array Size = 50
 35071 35002 35079 35089 35011 35074 35057 35044 35074 35068
 35007 35002 35017 35046 35067 35011 35088 35028 35012 35053
 35086 35031 35036 35049 35087 35079 35082 35057 35026 35097
 35024 35055 35038 35054 35093 35081 35074 35023 35076 35034
 35089 35045 35040 35069 35072 35089 35050 35077 35027 35042


Array Size = 50
 36082 36096 36073 36088 36095 36018 36068 36079 36067 36065
 36078 36026 36032 36059 36018 36032 36097 36095 36070 36086
 36068 36060 36061 36044 36090 36032 36064 36065 36076 36077
 36086 36023 36060 36098 36036 36091 36071 36049 36081 36036
 36065 36058 36091 36073 36050 36019 36080 36077 36071 36008


Array Size = 50
 37058 37057 37063 37035 37018 37026 37044 37057 37023 37048
 37051 37078 37007 37066 37016 37041 37022 37025 37083 37091
 37060 37079 37002 37071 37042 37065 37033 37046 37073 37051
 37008 37066 37082 37005 37087 37028 37081 37007 37000 37003
 37068 37083 37072 37004 37092 37076 37059 37083 37070 37065


Array Size = 50
 38086 38061 38042 38019 38028 38087 38041 38018 38081 38054
 38001 38052 38000 38092 38091 38046 38097 38037 38058 38077
 38039 38004 38071 38064 38028 38050 38084 38089 38038 38062
 38070 38087 38055 38057 38083 38007 38006 38050 38022 38013
 38001 38089 38033 38094 38097 38044 38092 38099 38052 38070


Array Size = 50
 39068 39073 39014 39051 39087 39013 39019 39017 39099 39001
 39024 39058 39042 39097 39000 39040 39007 39082 39016 39065
 39084 39074 39052 39092 39039 39086 39086 39021 39062 39006
 39054 39077 39052 39026 39045 39077 39071 39048 39048 39066
 39016 39077 39018 39040 39094 39069 39064 39048 39017 39079


Array Size = 50
 40012 40042 40069 40008 40081 40040 40097 40021 40040 40012
 40021 40055 40060 40030 40074 40025 40011 40042 40069 40044
 40043 40085 40094 40021 40018 40063 40004 40068 40003 40094
 40084 40063 40075 40005 40040 40094 40074 40058 40000 40061
 40098 40041 40086 40046 40065 40008 40045 40048 40084 40094


Array Size = 50
 41084 41036 41083 41011 41023 41026 41045 41031 41025 41036
 41044 41035 41018 41019 41028 41021 41020 41058 41029 41043
 41075 41026 41039 41096 41072 41041 41031 41094 41005 41057
 41005 41035 41046 41087 41020 41036 41044 41053 41064 41035
 41088 41086 41063 41062 41022 41022 41098 41024 41054 41081


Array Size = 50
 42022 42043 42040 42099 42048 42027 42085 42093 42066 42078
 42082 42007 42048 42064 42005 42074 42086 42020 42069 42046
 42089 42053 42088 42021 42030 42095 42056 42092 42089 42028
 42061 42012 42079 42009 42066 42020 42095 42043 42073 42039
 42035 42041 42094 42057 42023 42053 42080 42043 42058 42051


Array Size = 50
 43019 43026 43031 43086 43074 43052 43080 43033 43090 43097
 43050 43059 43005 43008 43072 43033 43027 43026 43003 43067
 43052 43004 43042 43087 43093 43087 43087 43075 43090 43038
 43011 43028 43086 43086 43015 43039 43082 43010 43082 43005
 43033 43049 43025 43045 43009 43019 43014 43053 43076 43050


Array Size = 50
 44053 44049 44013 44020 44025 44038 44063 44018 44007 44015
 44057 44008 44030 44042 44038 44016 44077 44051 44055 44031
 44043 44065 44096 44024 44030 44053 44081 44024 44023 44031
 44091 44016 44075 44065 44082 44061 44055 44048 44021 44031
 44042 44007 44027 44033 44040 44029 44064 44037 44073 44075


Array Size = 50
 45024 45068 45091 45014 45044 45002 45042 45019 45079 45054
 45023 45015 45047 45031 45075 45018 45079 45058 45005 45082
 45092 45023 45020 45053 45098 45057 45026 45085 45064 45030
 45002 45081 45039 45080 45093 45081 45019 45044 45020 45076
 45059 45034 45016 45019 45050 45013 45054 45021 45010 45009


Array Size = 50
 46017 46001 46098 46070 46051 46025 46017 46024 46089 46076
 46040 46017 46017 46068 46033 46018 46012 46015 46037 46078
 46043 46025 46033 46041 46073 46033 46051 46011 46054 46089
 46063 46043 46071 46062 46048 46042 46037 46071 46010 46081
 46021 46025 46015 46051 46050 46070 46035 46049 46082 46080


Array Size = 50
 47079 47094 47039 47057 47083 47068 47028 47063 47078 47091
 47021 47018 47097 47041 47043 47028 47071 47018 47042 47011
 47071 47011 47001 47023 47086 47010 47013 47012 47063 47018
 47017 47001 47076 47073 47014 47037 47075 47033 47070 47094
 47013 47079 47074 47094 47038 47093 47099 47073 47085 47039


Array Size = 50
 48040 48001 48098 48045 48034 48039 48062 48012 48026 48038
 48015 48084 48059 48029 48016 48068 48080 48090 48042 48056
 48056 48000 48058 48009 48098 48002 48028 48037 48009 48027
 48062 48086 48002 48082 48066 48081 48061 48059 48012 48083
 48077 48059 48028 48024 48025 48000 48066 48001 48086 48053


Array Size = 50
 49019 49055 49034 49080 49054 49053 49084 49003 49019 49093
 49061 49055 49047 49073 49024 49042 49016 49073 49009 49011
 49057 49000 49092 49042 49009 49001 49081 49000 49021 49079
 49088 49049 49044 49053 49040 49014 49084 49082 49069 49053
 49087 49031 49023 49090 49005 49044 49037 49036 49002 49047


Array Size = 50
 50067 50074 50098 50055 50007 50088 50015 50059 50079 50047
 50086 50044 50089 50062 50043 50053 50032 50061 50062 50065
 50003 50035 50082 50090 50042 50030 50041 50008 50095 50029
 50051 50061 50026 50094 50002 50080 50078 50019 50016 50073
 50045 50065 50035 50063 50027 50041 50040 50049 50003 50000


Array Size = 50
 51083 51041 51003 51077 51029 51065 51016 51070 51026 51087
 51051 51006 51028 51067 51060 51096 51016 51008 51024 51049
 51075 51000 51029 51096 51034 51035 51027 51053 51056 51095
 51069 51027 51067 51003 51097 51000 51069 51071 51001 51030
 51014 51085 51039 51053 51095 51007 51076 51032 51081 51015


Array Size = 50
 52026 52036 52027 52025 52048 52041 52010 52003 52070 52010
 52082 52040 52090 52090 52006 52046 52019 52044 52078 52069
 52030 52070 52080 52095 52023 52019 52063 52005 52024 52026
 52013 52009 52062 52019 52001 52053 52057 52068 52017 52081
 52042 52094 52071 52022 52099 52067 52051 52093 52009 52036


Array Size = 50
 53037 53018 53081 53080 53024 53001 53067 53029 53009 53042
 53060 53028 53077 53053 53018 53095 53093 53005 53051 53002
 53090 53036 53042 53009 53065 53022 53017 53039 53091 53008
 53024 53045 53037 53058 53090 53030 53059 53018 53007 53002
 53086 53057 53090 53016 53035 53008 53017 53034 53042 53078


Array Size = 50
 54058 54077 54032 54098 54061 54090 54043 54006 54097 54062
 54008 54081 54004 54017 54004 54068 54024 54035 54002 54032
 54061 54022 54065 54082 54094 54033 54044 54079 54057 54086
 54057 54060 54072 54092 54087 54088 54021 54061 54069 54027
 54010 54003 54001 54011 54047 54025 54007 54055 54001 54062


Array Size = 50
 55017 55009 55008 55065 55064 55040 55051 55090 55057 55068
 55097 55018 55091 55097 55070 55011 55028 55019 55046 55041
 55003 55084 55050 55014 55074 55015 55024 55025 55012 55049
 55044 55089 55031 55090 55013 55024 55079 55091 55081 55089
 55068 55006 55069 55071 55075 55092 55087 55001 55046 55059


Array Size = 50
 56081 56052 56064 56000 56072 56016 56025 56075 56013 56029
 56097 56011 56009 56083 56042 56043 56053 56082 56058 56020
 56044 56044 56041 56077 56042 56045 56075 56070 56017 56044
 56002 56089 56007 56038 56058 56015 56072 56071 56005 56095
 56028 56038 56034 56036 56057 56008 56054 56083 56081 56075


Array Size = 50
 57084 57067 57027 57041 57083 57027 57075 57054 57092 57018
 57091 57052 57074 57081 57059 57016 57068 57009 57062 57034
 57013 57030 57079 57030 57029 57043 57060 57012 57026 57045
 57096 57087 57013 57017 57055 57065 57077 57081 57087 57088
 57017 57062 57089 57091 57037 57014 57039 57051 57020 57042


Array Size = 50
 58094 58039 58031 58021 58074 58019 58071 58014 58084 58033
 58069 58075 58030 58018 58017 58050 58080 58023 58076 58026
 58072 58077 58094 58012 58064 58048 58053 58034 58046 58022
 58047 58029 58095 58086 58046 58055 58080 58055 58095 58051
 58073 58048 58046 58075 58074 58040 58054 58052 58014 58010


Array Size = 50
 59074 59025 59049 59093 59090 59080 59099 59042 59000 59086
 59081 59017 59071 59094 59080 59024 59041 59053 59006 59055
 59094 59010 59019 59094 59044 59080 59022 59061 59014 59015
 59038 59080 59039 59083 59010 59093 59015 59094 59005 59019
 59027 59006 59090 59088 59034 59009 59090 59058 59015 59041


Array Size = 50
 60088 60063 60021 60059 60081 60090 60067 60018 60051 60064
 60050 60063 60074 60045 60047 60003 60063 60096 60046 60033
 60002 60036 60075 60001 60083 60040 60009 60001 60074 60031
 60042 60065 60057 60065 60067 60039 60013 60038 60011 60014
 60079 60026 60007 60080 60097 60097 60081 60005 60038 60033


Array Size = 50
 61098 61073 61039 61018 61061 61049 61092 61034 61024 61011
 61002 61097 61001 61073 61062 61007 61089 61057 61061 61054
 61085 61093 61038 61059 61015 61059 61061 61024 61054 61070
 61045 61012 61055 61088 61086 61037 61067 61070 61067 61027
 61068 61078 61072 61052 61001 61062 61029 61015 61092 61054


Array Size = 50
 62040 62044 62075 62052 62007 62054 62063 62076 62076 62079
 62051 62005 62097 62027 62084 62027 62067 62028 62026 62037
 62091 62085 62022 62034 62091 62048 62027 62078 62012 62055
 62082 62010 62000 62089 62098 62093 62074 62050 62001 62045
 62062 62010 62032 62031 62048 62068 62046 62082 62086 62073


Array Size = 50
 63010 63038 63054 63013 63080 63008 63095 63095 63057 63048
 63060 63023 63025 63011 63050 63071 63002 63072 63062 63041
 63096 63072 63054 63017 63053 63017 63000 63023 63016 63017
 63024 63033 63095 63046 63096 63047 63030 63035 63067 63089
 63057 63093 63022 63003 63060 63065 63085 63047 63012 63084


Array Size = 50
 64045 64005 64073 64051 64010 64019 64060 64043 64000 64025
 64072 64096 64011 64054 64000 64075 64064 64015 64080 64041
 64032 64018 64089 64085 64040 64003 64009 64047 64036 64084
 64085 64061 64028 64015 64094 64087 64074 64049 64012 64089
 64027 64088 64057 64083 64008 64031 64096 64070 64099 64074


Array Size = 50
 65070 65098 65071 65056 65008 65016 65016 65092 65060 65003
 65034 65097 65076 65063 65021 65082 65005 65096 65015 65095
 65058 65073 65052 65025 65027 65021 65008 65001 65094 65028
 65051 65078 65030 65007 65032 65020 65029 65029 65049 65098
 65015 65099 65005 65003 65064 65028 65091 65058 65096 65049


Array Size = 50
 66037 66094 66021 66059 66045 66097 66064 66042 66083 66063
 66041 66072 66080 66035 66095 66098 66046 66027 66040 66052
 66019 66091 66043 66037 66046 66069 66092 66026 66071 66062
 66032 66086 66024 66068 66073 66013 66087 66074 66029 66005
 66095 66083 66048 66052 66092 66088 66047 66049 66087 66065


Array Size = 50
 67021 67056 67053 67066 67074 67041 67037 67087 67031 67059
 67083 67091 67012 67053 67014 67031 67047 67011 67065 67063
 67021 67026 67089 67058 67002 67094 67052 67095 67075 67082
 67010 67053 67033 67043 67052 67002 67087 67025 67003 67084
 67067 67059 67031 67068 67052 67096 67090 67069 67083 67090


Array Size = 50
 68051 68012 68067 68074 68004 68087 68061 68098 68064 68098
 68014 68059 68070 68035 68089 68049 68035 68004 68035 68036
 68081 68048 68091 68037 68004 68057 68007 68083 68039 68085
 68077 68065 68062 68012 68075 68083 68077 68023 68017 68034
 68071 68088 68020 68015 68085 68021 68072 68084 68088 68058


Array Size = 50
 69071 69006 69029 69018 69006 69050 69088 69004 69034 69055
 69073 69082 69070 69068 69002 69098 69062 69054 69047 69067
 69050 69098 69048 69084 69026 69011 69048 69068 69096 69069
 69054 69006 69016 69000 69049 69014 69093 69022 69088 69027
 69043 69024 69022 69099 69008 69077 69039 69039 69058 69060


Array Size = 50
 70074 70016 70058 70042 70050 70089 70020 70094 70094 70025
 70061 70024 70068 70082 70087 70049 70049 70068 70035 70079
 70053 70097 70050 70094 70043 70061 70062 70081 70080 70018
 70034 70046 70059 70023 70023 70062 70017 70047 70098 70082
 70020 70018 70029 70034 70004 70091 70089 70024 70081 70058


Array Size = 50
 71075 71035 71025 71080 71091 71069 71022 71015 71063 71031
 71049 71034 71016 71059 71057 71007 71061 71068 71086 71006
 71019 71038 71055 71065 71081 71020 71037 71041 71050 71083
 71060 71055 71037 71002 71009 71062 71077 71000 71065 71086
 71036 71036 71099 71006 71033 71041 71013 71062 71077 71076


Array Size = 50
 72093 72036 72047 72070 72099 72019 72097 72068 72049 72040
 72055 72092 72029 72060 72028 72038 72086 72045 72096 72042
 72094 72068 72053 72050 72029 72097 72023 72059 72020 72021
 72031 72000 72063 72046 72098 72023 72003 72042 72025 72095
 72092 72018 72095 72083 72001 72072 72018 72063 72059 72009


Array Size = 50
 73083 73089 73055 73062 73040 73020 73045 73086 73005 73088
 73048 73024 73092 73058 73069 73096 73072 73078 73092 73028
 73007 73009 73057 73017 73071 73040 73039 73063 73016 73006
 73097 73033 73029 73098 73079 73045 73007 73007 73068 73044
 73020 73081 73040 73085 73010 73072 73095 73091 73092 73033


Array Size = 50
 74016 74022 74084 74073 74050 74025 74038 74018 74022 74098
 74083 74009 74034 74054 74098 74039 74092 74089 74030 74022
 74030 74058 74083 74047 74094 74084 74080 74019 74024 74043
 74037 74067 74056 74091 74017 74017 74078 74003 74064 74075
 74074 74040 74002 74088 74005 74022 74053 74046 74014 74088


Array Size = 50
 75014 75083 75082 75038 75013 75022 75026 75099 75065 75084
 75066 75075 75042 75074 75018 75021 75042 75070 75061 75066
 75036 75042 75075 75051 75061 75059 75098 75045 75045 75074
 75069 75060 75059 75021 75029 75085 75075 75077 75058 75065
 75038 75052 75066 75058 75010 75001 75051 75085 75035 75037


Array Size = 50
 76032 76095 76084 76079 76003 76093 76009 76024 76012 76055
 76020 76097 76032 76042 76068 76078 76069 76032 76012 76065
 76003 76052 76054 76082 76017 76020 76053 76046 76015 76014
 76065 76093 76041 76088 76029 76082 76079 76057 76037 76072
 76094 76055 76061 76012 76067 76097 76014 76081 76028 76088


Array Size = 50
 77058 77064 77095 77023 77048 77010 77001 77023 77022 77072
 77056 77026 77045 77012 77022 77040 77036 77066 77064 77094
 77051 77010 77085 77052 77095 77040 77076 77078 77070 77069
 77022 77083 77079 77012 77057 77044 77050 77052 77089 77088
 77062 77085 77014 77078 77055 77017 77073 77095 77089 77091


Array Size = 50
 78066 78026 78045 78032 78036 78054 78043 78083 78072 78038
 78025 78074 78072 78000 78029 78075 78072 78082 78061 78054
 78044 78048 78058 78076 78068 78023 78005 78035 78099 78081
 78088 78062 78015 78077 78000 78094 78003 78093 78072 78007
 78090 78020 78016 78073 78046 78026 78020 78069 78029 78038


Array Size = 50
 79046 79099 79077 79005 79054 79062 79094 79082 79008 79055
 79047 79006 79061 79086 79059 79082 79020 79048 79034 79087
 79065 79032 79003 79052 79033 79074 79059 79086 79025 79037
 79098 79087 79091 79014 79024 79050 79078 79016 79005 79004
 79028 79089 79032 79077 79037 79076 79027 79014 79063 79094


Array Size = 50
 80045 80077 80020 80035 80013 80031 80047 80077 80054 80092
 80060 80082 80061 80091 80084 80043 80004 80032 80054 80071
 80053 80001 80081 80065 80070 80074 80029 80074 80006 80088
 80023 80074 80024 80093 80050 80062 80043 80051 80005 80061
 80043 80098 80067 80038 80091 80098 80062 80089 80047 80091


Array Size = 50
 81062 81014 81032 81017 81036 81029 81032 81095 81048 81079
 81050 81028 81025 81067 81015 81071 81076 81002 81051 81071
 81046 81097 81092 81085 81023 81025 81019 81017 81093 81028
 81016 81066 81085 81003 81065 81068 81010 81086 81038 81044
 81003 81044 81021 81003 81062 81065 81006 81022 81014 81009


Array Size = 50
 82044 82042 82078 82026 82046 82014 82005 82061 82092 82095
 82028 82057 82047 82039 82023 82011 82021 82082 82077 82042
 82018 82036 82046 82061 82030 82014 82001 82002 82010 82030
 82074 82075 82048 82052 82040 82002 82081 82043 82021 82053
 82079 82070 82026 82048 82020 82043 82061 82042 82079 82035


Array Size = 50
 83064 83041 83044 83096 83050 83036 83071 83041 83009 83015
 83083 83058 83080 83028 83015 83064 83063 83018 83007 83089
 83044 83002 83063 83024 83093 83069 83094 83087 83081 83055
 83079 83071 83084 83032 83071 83016 83000 83010 83094 83062
 83039 83006 83007 83077 83037 83002 83064 83028 83087 83073


Array Size = 50
 84054 84082 84007 84056 84053 84075 84092 84019 84043 84097
 84094 84011 84058 84003 84044 84092 84002 84038 84049 84059
 84005 84034 84035 84015 84067 84090 84085 84006 84082 84019
 84018 84008 84008 84004 84019 84044 84018 84051 84072 84094
 84015 84087 84083 84051 84054 84022 84012 84033 84023 84075


Array Size = 50
 85016 85009 85036 85050 85011 85069 85028 85033 85099 85019
 85053 85006 85089 85014 85046 85024 85050 85025 85078 85062
 85003 85015 85092 85039 85018 85094 85099 85018 85054 85057
 85090 85014 85003 85030 85044 85093 85000 85089 85092 85085
 85024 85014 85016 85036 85098 85057 85094 85005 85012 85011


Array Size = 50
 86095 86068 86016 86010 86048 86024 86080 86056 86088 86007
 86080 86031 86073 86029 86095 86098 86007 86053 86028 86039
 86085 86034 86056 86086 86003 86034 86026 86052 86054 86006
 86056 86020 86008 86051 86041 86088 86018 86097 86075 86062
 86065 86089 86097 86068 86054 86068 86010 86058 86020 86036


Array Size = 50
 87097 87053 87080 87070 87034 87062 87043 87038 87048 87037
 87008 87009 87005 87015 87088 87004 87021 87034 87075 87057
 87040 87020 87043 87029 87001 87072 87089 87033 87094 87006
 87042 87004 87021 87059 87033 87072 87007 87025 87091 87060
 87008 87082 87015 87027 87080 87000 87053 87031 87023 87070


Array Size = 50
 88084 88000 88071 88013 88082 88004 88027 88051 88060 88054
 88023 88020 88046 88052 88080 88079 88002 88064 88015 88036
 88047 88082 88013 88014 88038 88078 88073 88053 88095 88093
 88034 88052 88063 88026 88017 88088 88009 88021 88031 88055
 88053 88045 88059 88049 88087 88048 88062 88073 88033 88058


Array Size = 50
 89063 89093 89010 89056 89023 89045 89053 89006 89014 89067
 89051 89039 89030 89089 89034 89087 89033 89046 89080 89055
 89095 89061 89010 89043 89082 89042 89060 89010 89046 89087
 89098 89076 89070 89006 89018 89054 89077 89064 89064 89012
 89037 89058 89086 89085 89038 89088 89055 89079 89056 89006


Array Size = 50
 90017 90043 90014 90008 90094 90026 90066 90085 90018 90039
 90078 90009 90090 90093 90024 90036 90009 90088 90072 90092
 90055 90050 90094 90015 90020 90051 90051 90041 90001 90021
 90020 90031 90022 90052 90090 90057 90088 90035 90098 90035
 90092 90009 90036 90048 90081 90044 90057 90022 90048 90082


Array Size = 50
 91032 91075 91075 91065 91036 91004 91009 91098 91046 91051
 91036 91054 91095 91034 91044 91076 91054 91097 91068 91053
 91035 91035 91006 91062 91067 91060 91082 91069 91016 91060
 91041 91084 91024 91040 91045 91042 91093 91088 91047 91010
 91004 91085 91027 91044 91098 91087 91067 91036 91041 91002


Array Size = 50
 92009 92091 92009 92052 92095 92048 92073 92030 92055 92067
 92005 92042 92068 92012 92056 92035 92053 92067 92066 92024
 92083 92066 92037 92005 92023 92063 92076 92055 92094 92009
 92020 92092 92042 92093 92007 92021 92059 92009 92051 92059
 92040 92016 92064 92099 92060 92002 92005 92012 92025 92079


Array Size = 50
 93034 93060 93019 93060 93028 93029 93007 93065 93096 93010
 93048 93098 93013 93015 93039 93074 93069 93080 93006 93033
 93024 93020 93085 93008 93060 93081 93029 93008 93046 93045
 93004 93013 93083 93049 93025 93094 93059 93034 93045 93080
 93040 93024 93054 93046 93007 93032 93075 93048 93011 93003


Array Size = 50
 94056 94037 94075 94008 94079 94071 94072 94032 94070 94029
 94080 94087 94076 94044 94042 94061 94048 94065 94057 94015
 94094 94037 94041 94098 94001 94063 94057 94021 94067 94042
 94014 94076 94077 94098 94030 94076 94087 94002 94085 94003
 94090 94046 94074 94089 94079 94069 94084 94014 94094 94093


Array Size = 50
 95079 95043 95081 95016 95077 95042 95028 95054 95097 95083
 95097 95032 95033 95074 95044 95047 95086 95001 95084 95097
 95097 95061 95042 95070 95097 95016 95058 95042 95010 95091
 95012 95068 95037 95059 95035 95030 95095 95053 95013 95042
 95076 95067 95063 95065 95074 95095 95072 95099 95026 95061


Array Size = 50
 96014 96090 96016 96074 96084 96095 96077 96095 96035 96033
 96054 96046 96047 96062 96026 96051 96096 96092 96002 96076
 96098 96011 96026 96018 96062 96099 96032 96078 96015 96021
 96029 96079 96000 96014 96002 96063 96084 96029 96075 96027
 96005 96056 96009 96012 96039 96031 96062 96070 96033 96040


Array Size = 50
 97020 97052 97089 97019 97038 97049 97010 97065 97078 97099
 97030 97051 97011 97086 97010 97003 97021 97016 97004 97082
 97070 97007 97080 97041 97022 97024 97075 97066 97031 97013
 97003 97087 97042 97027 97062 97089 97070 97095 97007 97089
 97024 97060 97043 97032 97043 97030 97044 97064 97084 97046


Array Size = 50
 98047 98094 98031 98085 98041 98074 98053 98045 98077 98078
 98011 98040 98017 98074 98066 98027 98013 98053 98008 98077
 98081 98005 98003 98093 98017 98034 98079 98019 98013 98087
 98065 98067 98024 98006 98079 98052 98083 98071 98004 98046
 98009 98079 98000 98084 98069 98030 98014 98014 98058 98074


Array Size = 50
 99042 99063 99013 99080 99010 99083 99044 99024 99030 99034
 99027 99048 99005 99034 99027 99011 99066 99001 99072 99069
 99031 99046 99008 99019 99050 99098 99082 99000 99045 99046
 99065 99025 99086 99021 99063 99061 99057 99070 99019 99057
 99061 99088 99080 99065 99039 99094 99063 99044 99028 99033

06 94012 94002 94021
 94034 94049

Array Size = 48
 95002 95003 95004 95009 95012 95013 95015 95015 95016 95017
 95018 95023 95024 95026 95027 95030 95031 95034 95034 95034
 95036 95036 95041 95042 95042 95045 95047 95047 95048 95050
 95057 95057 95064 95064 95065 95067 95071 95075 95077 95078
 95080 95086 95086 95088 95088 95094 95098 95099

Array Size = 95
 96006 96038 96074 96031 96096 96098 96046 96099 96089 96038
 96054 96066 96071 96082 96076 96085 96067 96078 96093 96005
 96049 96038 96014 96068 96009 96033 96079 96073 96026 96043
 96060 96082 96086 96045 96087 96013 96003 96027 96000 96006
 96000 96019 96031 96085 96055 96025 96039 96087 96051 96006
 96060 96083 96050 96062 96048 96002 96001 96047 96027 96025
 96081 96065 96054 96031 96093 96003 96078 96091 96045 96049
 96069 96003 96003 96076 96086 96031 96031 96035 96082 96041
 96001 96014 96098 96095 96030 96049 96099 96039 96068 96084
 96054 96045 96020 96077 96051

Array Size = 85
 97000 97000 97002 97004 97006 97006 97007 97007 97010 97010
 97010 97012 97012 97014 97014 97017 97017 97018 97018 97022
 97023 97023 97023 97024 97027 97030 97031 97032 97033 97034
 97035 97037 97037 97037 97037 97037 97039 97039 97039 97040
 97043 97045 97047 97048 97053 97053 97054 97055 97055 97055
 97055 97056 97059 97059 97060 97060 97063 97065 97067 97067
 97068 97068 97069 97070 97071 97071 97074 97074 97074 97075
 97077 97077 97078 97079 97080 97082 97082 97085 97085 97086
 97090 97093 97093 97095 97097

Array Size = 63
 98088 98017 98068 98079 98076 98010 98006 98050 98038 98011
 98001 98059 98087 98038 98066 98099 98054 98090 98046 98085
 98095 98088 98081 98090 98007 98065 98098 98020 98003 98012
 98097 98044 98012 98035 98016 98017 98063 98059 98024 98010
 98098 98002 98029 98040 98026 98041 98015 98021 98008 98075
 98075 98042 98036 98084 98073 98016 98061 98083 98075 98067
 98011 98072 98095

Array Size = 74
 99000 99001 99001 99001 99002 99006 99012 99012 99013 99013
 99015 99017 99018 99022 99023 99024 99026 99026 99027 99027
 99030 99032 99035 99036 99037 99038 99039 99041 99041 99041
 99042 99043 99043 99044 99045 99045 99046 99049 99050 99051
 99051 99051 99052 99053 99053 99055 99057 99059 99059 99059
 99060 99061 99061 99064 99064 99068 99068 99068 99070 99072
 99074 99074 99075 99076 99079 99079 99079 99081 99085 99092
 99092 99094 99094 99096
9009 99009 99010 99010
 99017 99018 99018 99020 99023 99028 99030 99032 99032 99034
 99036 99037 99039 99039 99041 99043 99047 99048 99048 99048
 99049 99049 99050 99051 99051 99052 99055 99056 99059 99061
 99062 99062 99062 99062 99067 99070 99072 99072 99072 99073
 99074 99074 99074 99077 99077 99077 99077 99080 99081 99085
 99086 99086 99088 99092 99092 99093 99094 99095 99095 99096
 99097 99098 99099 99099 99099
65 96011 96090 96097 96086 96012 96030 96066 96059
 96052 96044 96021 96088 96068 96074 96092 96098 96000 96070
 96013 96072 96049 96053 96008 96057 96075 96059 96067 96095
 96032 96052 96044 96090 96016 96025 96070 96050 96041 96007
 96093 96016 96031 96029

Array Size = 52
 97000 97001 97003 97004 97004 97008 97011 97011 97013 97018
 97018 97019 97020 97024 97024 97024 97026 97027 97030 97030
 97030 97031 97035 97036 97039 97039 97040 97042 97043 97044
 97046 97047 97048 97055 97056 97057 97058 97059 97061 97064
 97065 97067 97067 97070 97077 97078 97078 97079 97082 97083
 97088 97097

Array Size = 58
 98055 98097 98046 98085 98074 98088 98066 98084 98043 98067
 98046 98078 98035 98073 98041 98077 98059 98026 98083 98051
 98050 98020 98053 98091 98093 98013 98064 98012 98089 98018
 98017 98009 98070 98077 98001 98080 98023 98060 98009 98079
 98046 98078 98053 98095 98019 98036 98040 98001 98096 98002
 98078 98099 98004 98022 98030 98034 98003 98029

Array Size = 90
 99000 99002 99003 99004 99006 99006 99008 99009 99010 99011
 99012 99014 99014 99015 99015 99019 99020 99023 99023 99024
 99025 99025 99025 99025 99026 99026 99028 99033 99034 99036
 99037 99038 99040 99040 99042 99042 99044 99045 99045 99045
 99048 99050 99051 99054 99054 99054 99055 99056 99056 99057
 99059 99060 99062 99062 99063 99066 99068 99070 99071 99071
 99073 99073 99074 99075 99077 99080 99080 99081 99081 99081
 99082 99087 99087 99091 99091 99092 99093 99093 99093 99093
 99093 99094 99097 99097 99097 99097 99098 99098 99099 99099

